(((((((((ENSMLUP00000022279_Mluc:0.014841,
ENSMLUP00000022776_Mluc:0.05922):0.009324,
ENSMLUP00000016464_Mluc:0.014967):0.010966,
ENSMLUP00000005445_Mluc:0.006863):0.017227,
ENSMLUP00000014176_Mluc:0.017099):0.02003,
ENSMLUP00000021116_Mluc:0.030554):0.035671,
ENSMLUP00000013135_Mluc:0.036575):0.067098,
ENSRFEP00010015385_Rfer:0.067303):0.010257,
(((((ENSCHIP00000015668_Chir:0.024692,
ENSOARP00020027860_Oara:0.032005):0.011584,
ENSBTAP00000053987_Btau:0.023185):0.003981,
ENSCHIP00000031104_Chir:0.048727):0.003625,
(((ENSBGRP00000030738_Bgru:0.039707,
ENSBTAP00000043594_Btau:0.091506):0.011588,
ENSOARP00020028859_Oara:0.043238):0.009675,
(ENSCHYP00000002576_Chya:0.027335,
ENSMMSP00000009882_Mmos:0.036453):0.012976):0.00796):0.01632,
(ENSCWAP00000022082_Cwag:0.019768,
ENSSSCP00000001574_Sscr:0.062851):0.042475):0.013105):0.002239,
(((((ENSMICP00000041748_Mmur:0.005551,
ENSMICP00000043485_Mmur:0.014649):0.073298,
ENSPCOP00000006627_Pcoq:0.037844):0.004118,
ENSPSMP00000012231_Psim:0.035961):0.013506,
ENSOGAP00000005060_Ogar:0.068462):0.008568,
(((ENSMLEP00000020650_Mleu:0.031201,
ENSPPAP00000031348_Ppan:0.054489):0.000532,
(((ENSCCAP00000014607_Cimi:0.020933,
ENSANAP00000003842_Anan:0.039324):0.005389,
(ENSSBOP00000003365_Sbbo:0.027197,
ENSANAP00000010933_Anan:0.037134):0.006936):0.010253,
((ENSCCAP00000022167_Cimi:0.012641,
ENSSBOP00000002330_Sbbo:0.064614):0.010261,
ENSCJAP00000003003_Cjac:0.020699):0.036994):0.009206):0.001395,
((((((ENSCATP00000019381_Caty:0.03363,
ENSMNEP00000004687_Mnem:0.036062):0.00195,
ENSRBIP00000015532_Rbie:0.033089):0.013625,
ENSRROP00000033933_Rrox:0.032338):0.012392,
(ENSCSAP00000005645_Csab:0.013757,
ENSMLEP00000036069_Mleu:0.017773):0.014942):0,
ENSPTRP00000030768_Ptro:0.017191):0.002876,
((((ENSP00000407332_Hsap:0.001978,
ENSPPAP00000037067_Ppan:0.007884):0.007424,
ENSGGOP00000017683_Ggor:0.01316):0.012445,
ENSNLEP00000044267_Nleu:0.024026):0.003139,
(ENSMNEP00000007107_Mnem:0.019967,
ENSCATP00000012072_Caty:0.025032):0.020671):0.01314):0.003455):0.031484):0.017079):0.005636;
